{
 "cells": [
  {
   "cell_type": "markdown",
   "metadata": {
    "pycharm": {
     "name": "#%% md\n"
    }
   },
   "source": [
    "## Install and imports"
   ]
  },
  {
   "cell_type": "markdown",
   "metadata": {},
   "source": [
    "Explicación de los modulos usados y por que"
   ]
  },
  {
   "cell_type": "markdown",
   "metadata": {},
   "source": [
    "#### Imports"
   ]
  },
  {
   "cell_type": "code",
   "execution_count": 2,
   "metadata": {},
   "outputs": [],
   "source": [
    "import pandas as pd\n",
    "import numpy as np\n",
    "import plotly.graph_objects as go\n",
    "import re\n",
    "from plotly.subplots import make_subplots\n",
    "#import plotly.io as pio\n",
    "#pio.renderers.default = \"svg\"\n",
    "\n",
    "\n",
    "file = 'dataset.csv'"
   ]
  },
  {
   "cell_type": "markdown",
   "metadata": {},
   "source": [
    "#### Functions"
   ]
  },
  {
   "cell_type": "code",
   "execution_count": 3,
   "metadata": {},
   "outputs": [],
   "source": [
    "palette = [\"#FC645F\",\n",
    "           \"#A8E4A0\",\n",
    "           \"#7088FF\",\n",
    "           \"#FEB1AF\"]\n",
    "\n",
    "def dat_insights(dataframe,sheet_name=False,rtn=True,dat=False,date_parse=False):\n",
    "  if type(dataframe) == str:\n",
    "    dataframe = data_capture(dataframe,sheet_name,date_parse).capture()\n",
    "  if dat is not False:\n",
    "    dataframe = column_cleaner(dataframe,[column for column in dataframe.columns if column in dat])\n",
    "  null_values = dataframe.isnull().sum().sort_values(ascending=False)\n",
    "  nulls_sum = (dataframe.isnull().sum()).sum()\n",
    "  fields_sum = (dataframe.shape[0] * dataframe.shape[1]) - nulls_sum\n",
    "  nulls_percentile = max(null_values)\n",
    "  fills_percentile = dataframe.shape[0] - nulls_percentile\n",
    "  if null_values.shape[0] > 15:\n",
    "    null_values = null_values[null_values != 0]\n",
    "  else:\n",
    "    pass\n",
    "  fig = make_subplots(rows=2,\n",
    "                      cols=2,\n",
    "                      subplot_titles=[\"<b>CORRECT ENTRIES</b>\",\n",
    "                                      \"<b>CORRECT CELLS\",\n",
    "                                      \"<b>NULLS/COLUMN</b>\"],\n",
    "                      specs=[[{'type':'domain'},{'type':'domain'}],\n",
    "                             [{'type':'xy',\"colspan\":2},{}]])\n",
    "  fig.add_trace(go.Pie(labels=[\"Null entries\",\"Valid entries\"],\n",
    "                       values=[nulls_percentile,fills_percentile],\n",
    "                       hole=0.4,\n",
    "                       marker_colors=palette,\n",
    "                       name=\"Correct entries\",\n",
    "                       title=dataframe.shape[0],legendgroup=\"apie\"),1,1)\n",
    "  fig.add_trace(go.Pie(labels=[\"Null cells\",\n",
    "                               \"Valid cells\"],\n",
    "                       values=[nulls_sum,\n",
    "                               fields_sum],\n",
    "                       hole=0.4,\n",
    "                       marker_colors=palette,\n",
    "                       name=\"Correct cells\",\n",
    "                       title=dataframe.shape[0]*dataframe.shape[1],\n",
    "                       legendgroup=\"pie\"),1,2)\n",
    "  fig.add_trace(go.Bar(x=null_values,\n",
    "                       y=null_values.index,\n",
    "                       name=\"Nulls/Column\",\n",
    "                       orientation=\"h\",\n",
    "                       marker_color=\"#FC645F\",\n",
    "                       showlegend=False),2,1)\n",
    "  fig.update_traces(textposition='inside')\n",
    "  fig.update_layout(height=600,\n",
    "                    width=800,\n",
    "                    title=f\"<b>{sheet_name.upper()} INSIGHTS</b>\",\n",
    "                    yaxis_title=\"Columns\",\n",
    "                    xaxis_title=\"Nulls\",\n",
    "                    font_size=14)\n",
    "  if rtn == True:\n",
    "    fig.show(config={'modeBarButtonsToAdd':['drawline',\n",
    "                                            'drawopenpath',\n",
    "                                            'drawclosedpath',\n",
    "                                            'drawcircle',\n",
    "                                            'drawrect',\n",
    "                                            'eraseshape']})\n",
    "  else:\n",
    "    return fig\n",
    "\n",
    "\n",
    "def table_dtype(dataframe,rtn=True):\n",
    "  # Función que crea reporte de tipo de variables y datos\n",
    "  # dataframe = objet.dataframe\n",
    "  # arg = True: use fig.show() otherwise it returns fig for object\n",
    "  df_dtypes = dataframe.convert_dtypes()\n",
    "  table_columns = [column for column in df_dtypes.dtypes.index.values]\n",
    "  table_values = [str(value) for value in df_dtypes.dtypes]\n",
    "  values = pd.Series(table_values)\n",
    "  fig = make_subplots(rows=2,\n",
    "                      cols=2,\n",
    "                      specs=[[{\"type\":\"table\"},{\"type\":\"domain\"}],\n",
    "                             [{\"type\":\"table\"},{\"type\":\"domain\"}]],\n",
    "                      subplot_titles=[\"\",\n",
    "                                      \"<b>TYPE\",\n",
    "                                      \"\",\n",
    "                                      \"<b>CLASS\"])\n",
    "  fig.add_trace(go.Pie(labels=values.value_counts().index,\n",
    "                       values=values.value_counts(),\n",
    "                       marker_colors=palette,\n",
    "                       hole=0.4,\n",
    "                       title=values.shape[0],\n",
    "                       legendgroup=\"pie\"),1,2)\n",
    "  fig.update_traces(textposition='inside')\n",
    "  fig.add_trace(go.Table(header=dict(values=['Column',\n",
    "                                             'Data type'],\n",
    "                                     fill_color=\"#A8E4A0\",\n",
    "                                     line_color='darkslategray'),\n",
    "                         cells=dict(values=[table_columns,\n",
    "                                            table_values],\n",
    "                                    line_color='darkslategray')),1,1)\n",
    "  fig.update_layout(height=500,width=1000,\n",
    "                    title=\"<b>DATA TYPE ANALYSIS\",\n",
    "                    font_size=12)\n",
    "\n",
    "  type_var = []\n",
    "  for value in range(0,len(df_dtypes.dtypes)):\n",
    "    if \"Int\" in str(df_dtypes.dtypes[value]):\n",
    "      type_var.append(\"Numerical\")\n",
    "    else:\n",
    "      if len(df_dtypes[df_dtypes.dtypes.index[value]].value_counts().index) <= 2:\n",
    "        type_var.append(\"Numerical/Boolean\")\n",
    "      else:\n",
    "        type_var.append(\"Categorical\")\n",
    "\n",
    "  pie_values = [values for values in [type_var.count(\"Categorical\"), type_var.count(\"Numerical\"), type_var.count(\"Numerical/Boolean\")] if values !=0]\n",
    "  pie_labels = str(set(type_var)).replace(\"{\",\"\").replace(\"}\",\"\").replace(\"'\",\"\").split(\",\")\n",
    "  fig.add_trace(go.Table(header=dict(values=[\"Columns\",\n",
    "                                             \"Classification\"],\n",
    "                                     fill_color=\"#A8E4A0\",\n",
    "                                     line_color='darkslategray'),\n",
    "                         cells=dict(values=[df_dtypes.dtypes.index,type_var])),2,1)\n",
    "  fig.add_trace(go.Pie(labels=pie_labels,\n",
    "                       values=pie_values,\n",
    "                       marker_colors=palette,\n",
    "                       hole=0.4,\n",
    "                       legendgroup=\"pie2\"),2,2)\n",
    "  fig.update_layout(height=800,width=1000,title=\"<b>DATA TYPE ANALYSIS\",font_size=14)\n",
    "  if rtn == True:\n",
    "    fig.show('png')\n",
    "  else:\n",
    "    return fig\n",
    "\n",
    "\n",
    "def correlation_matrix(dataframe, name, rtn=True):\n",
    "  dataframe = dataframe.convert_dtypes()\n",
    "  fig=make_subplots(cols=1,\n",
    "                    rows=1)\n",
    "  z,x = dataframe.corr(method=\"pearson\"),dataframe.corr(method=\"pearson\").columns\n",
    "  fig.add_trace(go.Heatmap(z = z,\n",
    "                           x = x,\n",
    "                           y = x,\n",
    "                           colorscale=\"Burg\"))\n",
    "  fig.update_layout(height=800,width=800,title=f\"<b>{name} FEATURE CORRELATION MATRIX\")\n",
    "  if rtn == True:\n",
    "        fig.show(config={'modeBarButtonsToAdd':['drawline',\n",
    "                                            'drawopenpath',\n",
    "                                            'drawclosedpath',\n",
    "                                            'drawcircle',\n",
    "                                            'drawrect',\n",
    "                                            'eraseshape']})\n",
    "  else:\n",
    "    return fig"
   ]
  },
  {
   "cell_type": "markdown",
   "metadata": {
    "pycharm": {
     "name": "#%% md\n"
    }
   },
   "source": [
    "## EDA"
   ]
  },
  {
   "cell_type": "markdown",
   "metadata": {},
   "source": [
    "### Pasos génericos"
   ]
  },
  {
   "cell_type": "code",
   "execution_count": 5,
   "metadata": {},
   "outputs": [],
   "source": [
    "file = '..\\dataset.csv'\n",
    "df = pd.read_csv(file)"
   ]
  },
  {
   "cell_type": "code",
   "execution_count": 4,
   "metadata": {
    "pycharm": {
     "name": "#%%\n"
    }
   },
   "outputs": [
    {
     "data": {
      "text/plain": [
       "Index(['Unnamed: 0', 'operation', 'property_type', 'place_name',\n",
       "       'place_with_parent_names', 'country_name', 'state_name', 'geonames_id',\n",
       "       'lat-lon', 'lat', 'lon', 'price', 'currency',\n",
       "       'price_aprox_local_currency', 'price_aprox_usd', 'surface_total_in_m2',\n",
       "       'surface_covered_in_m2', 'price_usd_per_m2', 'price_per_m2', 'floor',\n",
       "       'rooms', 'expenses', 'properati_url', 'description', 'title',\n",
       "       'image_thumbnail'],\n",
       "      dtype='object')"
      ]
     },
     "execution_count": 4,
     "metadata": {},
     "output_type": "execute_result"
    }
   ],
   "source": [
    "df.columns"
   ]
  },
  {
   "cell_type": "code",
   "execution_count": 5,
   "metadata": {
    "pycharm": {
     "name": "#%%\n"
    }
   },
   "outputs": [
    {
     "data": {
      "text/plain": [
       "28        1\n",
       "29        1\n",
       "31        1\n",
       "24        1\n",
       "27        1\n",
       "23        2\n",
       "32        3\n",
       "25        4\n",
       "30        4\n",
       "19        4\n",
       "21        5\n",
       "18        6\n",
       "22        8\n",
       "20       11\n",
       "16       11\n",
       "17       16\n",
       "15       26\n",
       "14       27\n",
       "13       33\n",
       "12       65\n",
       "11       72\n",
       "9       184\n",
       "10      226\n",
       "8       409\n",
       "7       770\n",
       "6      1403\n",
       "5      3782\n",
       "1      7377\n",
       "4      7937\n",
       "2     12433\n",
       "3     12567\n",
       "0     73830\n",
       "Name: rooms, dtype: int64"
      ]
     },
     "execution_count": 5,
     "metadata": {},
     "output_type": "execute_result"
    }
   ],
   "source": [
    "df['rooms'] = df['rooms'].fillna(value=0).astype(int)\n",
    "\n",
    "df.rooms.value_counts().sort_values()"
   ]
  },
  {
   "cell_type": "code",
   "execution_count": 6,
   "metadata": {
    "pycharm": {
     "name": "#%%\n"
    }
   },
   "outputs": [
    {
     "name": "stderr",
     "output_type": "stream",
     "text": [
      "C:\\Users\\Joaco\\AppData\\Local\\Temp\\ipykernel_13508\\3725951666.py:2: SettingWithCopyWarning:\n",
      "\n",
      "\n",
      "A value is trying to be set on a copy of a slice from a DataFrame.\n",
      "Try using .loc[row_indexer,col_indexer] = value instead\n",
      "\n",
      "See the caveats in the documentation: https://pandas.pydata.org/pandas-docs/stable/user_guide/indexing.html#returning-a-view-versus-a-copy\n",
      "\n"
     ]
    },
    {
     "data": {
      "text/plain": [
       "0"
      ]
     },
     "execution_count": 6,
     "metadata": {},
     "output_type": "execute_result"
    }
   ],
   "source": [
    "df_test = df.dropna()\n",
    "df_test['description'] = df_test['description'].apply(lambda x: x.lower())\n",
    "\n",
    "df_test['description'].isin(['venta']).sum()\n"
   ]
  },
  {
   "cell_type": "code",
   "execution_count": 7,
   "metadata": {
    "pycharm": {
     "name": "#%%\n"
    }
   },
   "outputs": [
    {
     "data": {
      "text/plain": [
       "Capital Federal                 32316\n",
       "Bs.As. G.B.A. Zona Norte        25560\n",
       "Bs.As. G.B.A. Zona Sur          13952\n",
       "Córdoba                         12069\n",
       "Santa Fe                        10172\n",
       "Buenos Aires Costa Atlántica    10006\n",
       "Bs.As. G.B.A. Zona Oeste         9322\n",
       "Buenos Aires Interior            2291\n",
       "Río Negro                         808\n",
       "Neuquén                           733\n",
       "Mendoza                           681\n",
       "Tucumán                           674\n",
       "Corrientes                        583\n",
       "Misiones                          464\n",
       "Entre Ríos                        369\n",
       "Salta                             278\n",
       "Chubut                            259\n",
       "San Luis                          252\n",
       "La Pampa                          157\n",
       "Formosa                            65\n",
       "Chaco                              57\n",
       "San Juan                           40\n",
       "Tierra Del Fuego                   31\n",
       "Catamarca                          27\n",
       "Jujuy                              26\n",
       "Santa Cruz                         20\n",
       "Santiago Del Estero                 4\n",
       "La Rioja                            4\n",
       "Name: state_name, dtype: int64"
      ]
     },
     "execution_count": 7,
     "metadata": {},
     "output_type": "execute_result"
    }
   ],
   "source": [
    "# que dropear:\n",
    "# operation\n",
    "# lat-long sacarla\n",
    "# price_aprox_local_curerncy\n",
    "# property_url\n",
    "# image thumbnail\n",
    "# rooms\n",
    "# country_name\n",
    "\n",
    "#armar:\n",
    "# ambientes a partir de description\n",
    "\n",
    "\n",
    "\n",
    "df['state_name'].value_counts()"
   ]
  },
  {
   "cell_type": "code",
   "execution_count": 8,
   "metadata": {
    "pycharm": {
     "name": "#%%\n"
    }
   },
   "outputs": [
    {
     "data": {
      "text/plain": [
       "USD    87587\n",
       "ARS    13219\n",
       "PEN        2\n",
       "UYU        1\n",
       "Name: currency, dtype: int64"
      ]
     },
     "execution_count": 8,
     "metadata": {},
     "output_type": "execute_result"
    }
   ],
   "source": [
    "df['currency'].value_counts()"
   ]
  },
  {
   "cell_type": "code",
   "execution_count": 9,
   "metadata": {
    "pycharm": {
     "name": "#%%\n"
    }
   },
   "outputs": [
    {
     "data": {
      "text/plain": [
       "Capital Federal                 32316\n",
       "Bs.As. G.B.A. Zona Norte        25560\n",
       "Bs.As. G.B.A. Zona Sur          13952\n",
       "Córdoba                         12069\n",
       "Santa Fe                        10172\n",
       "Buenos Aires Costa Atlántica    10006\n",
       "Bs.As. G.B.A. Zona Oeste         9322\n",
       "Buenos Aires Interior            2291\n",
       "Río Negro                         808\n",
       "Neuquén                           733\n",
       "Mendoza                           681\n",
       "Tucumán                           674\n",
       "Corrientes                        583\n",
       "Misiones                          464\n",
       "Entre Ríos                        369\n",
       "Salta                             278\n",
       "Chubut                            259\n",
       "San Luis                          252\n",
       "La Pampa                          157\n",
       "Formosa                            65\n",
       "Chaco                              57\n",
       "San Juan                           40\n",
       "Tierra Del Fuego                   31\n",
       "Catamarca                          27\n",
       "Jujuy                              26\n",
       "Santa Cruz                         20\n",
       "Santiago Del Estero                 4\n",
       "La Rioja                            4\n",
       "Name: state_name, dtype: int64"
      ]
     },
     "execution_count": 9,
     "metadata": {},
     "output_type": "execute_result"
    }
   ],
   "source": [
    "df['state_name'].value_counts()"
   ]
  },
  {
   "cell_type": "code",
   "execution_count": 10,
   "metadata": {
    "pycharm": {
     "name": "#%%\n"
    }
   },
   "outputs": [
    {
     "data": {
      "text/plain": [
       "(121220, 26)"
      ]
     },
     "execution_count": 10,
     "metadata": {},
     "output_type": "execute_result"
    }
   ],
   "source": [
    "df.shape"
   ]
  },
  {
   "cell_type": "code",
   "execution_count": 11,
   "metadata": {
    "pycharm": {
     "name": "#%%\n"
    }
   },
   "outputs": [
    {
     "data": {
      "text/plain": [
       "Unnamed: 0                      int64\n",
       "operation                      object\n",
       "property_type                  object\n",
       "place_name                     object\n",
       "place_with_parent_names        object\n",
       "country_name                   object\n",
       "state_name                     object\n",
       "geonames_id                   float64\n",
       "lat-lon                        object\n",
       "lat                           float64\n",
       "lon                           float64\n",
       "price                         float64\n",
       "currency                       object\n",
       "price_aprox_local_currency    float64\n",
       "price_aprox_usd               float64\n",
       "surface_total_in_m2           float64\n",
       "surface_covered_in_m2         float64\n",
       "price_usd_per_m2              float64\n",
       "price_per_m2                  float64\n",
       "floor                         float64\n",
       "rooms                           int32\n",
       "expenses                      float64\n",
       "properati_url                  object\n",
       "description                    object\n",
       "title                          object\n",
       "image_thumbnail                object\n",
       "dtype: object"
      ]
     },
     "execution_count": 11,
     "metadata": {},
     "output_type": "execute_result"
    }
   ],
   "source": [
    "df.dtypes"
   ]
  },
  {
   "cell_type": "code",
   "execution_count": 12,
   "metadata": {
    "pycharm": {
     "name": "#%%\n"
    }
   },
   "outputs": [],
   "source": [
    "table_dtype(df)"
   ]
  },
  {
   "cell_type": "code",
   "execution_count": 6,
   "metadata": {
    "pycharm": {
     "name": "#%%\n"
    }
   },
   "outputs": [
    {
     "data": {
      "application/vnd.plotly.v1+json": {
       "config": {
        "modeBarButtonsToAdd": [
         "drawline",
         "drawopenpath",
         "drawclosedpath",
         "drawcircle",
         "drawrect",
         "eraseshape"
        ],
        "plotlyServerURL": "https://plot.ly"
       },
       "data": [
        {
         "colorscale": [
          [
           0,
           "rgb(255, 198, 196)"
          ],
          [
           0.16666666666666666,
           "rgb(244, 163, 168)"
          ],
          [
           0.3333333333333333,
           "rgb(227, 129, 145)"
          ],
          [
           0.5,
           "rgb(204, 96, 125)"
          ],
          [
           0.6666666666666666,
           "rgb(173, 70, 108)"
          ],
          [
           0.8333333333333334,
           "rgb(139, 48, 88)"
          ],
          [
           1,
           "rgb(103, 32, 68)"
          ]
         ],
         "type": "heatmap",
         "x": [
          "Unnamed: 0",
          "geonames_id",
          "lat",
          "lon",
          "price",
          "price_aprox_local_currency",
          "price_aprox_usd",
          "surface_total_in_m2",
          "surface_covered_in_m2",
          "price_usd_per_m2",
          "price_per_m2",
          "floor",
          "rooms",
          "expenses"
         ],
         "y": [
          "Unnamed: 0",
          "geonames_id",
          "lat",
          "lon",
          "price",
          "price_aprox_local_currency",
          "price_aprox_usd",
          "surface_total_in_m2",
          "surface_covered_in_m2",
          "price_usd_per_m2",
          "price_per_m2",
          "floor",
          "rooms",
          "expenses"
         ],
         "z": [
          [
           1,
           0.05687607111948151,
           0.055474252056571596,
           -0.013745140880184569,
           0.03334230423484677,
           -0.03747985045921164,
           -0.03747985042156788,
           -0.035473238862721974,
           -0.002958679768242542,
           -0.03073946230955139,
           0.03657775215432242,
           -0.06324011557265304,
           0.14663054432738307,
           -0.01094721899027114
          ],
          [
           0.05687607111948151,
           1,
           0.166446060069523,
           -0.29334667998839997,
           0.03799726157544611,
           -0.04161634660195545,
           -0.041616346555135325,
           0.0002350087611430031,
           -0.005824378956585441,
           -0.04127401012690905,
           0.056872672617885714,
           -0.025146674688481994,
           0.06386989851472724,
           -0.002736557814273657
          ],
          [
           0.055474252056571596,
           0.166446060069523,
           1,
           -0.2943376415005238,
           0.17464275082520175,
           0.0670629220481677,
           0.06706292211755116,
           0.009125336255932398,
           0.008079306483180204,
           0.05021202149816488,
           0.08610895942513398,
           -0.04075423469042284,
           0.0986536245447932,
           0.004695984034344662
          ],
          [
           -0.013745140880184569,
           -0.29334667998839997,
           -0.2943376415005238,
           1,
           -0.18741187946276971,
           -0.026091846348846995,
           -0.02609184643210605,
           -0.040662323860315125,
           -0.0095356093339481,
           0.03856347057386362,
           -0.0878403704812437,
           0.05964367005106318,
           -0.1618934163863448,
           -0.0026137136689715454
          ],
          [
           0.03334230423484677,
           0.03799726157544611,
           0.17464275082520175,
           -0.18741187946276971,
           1,
           0.3290365358252223,
           0.3290365358903557,
           0.1134865365943531,
           0.047523226579149605,
           0.11196065689355689,
           0.5015410872904227,
           -0.009256626912218093,
           0.1287767823311914,
           0.008051121395028808
          ],
          [
           -0.03747985045921164,
           -0.04161634660195545,
           0.0670629220481677,
           -0.026091846348846995,
           0.3290365358252223,
           1,
           1.0000000000000102,
           0.3011365963926965,
           0.16553067065091184,
           0.3113279954736326,
           0.056120692216385944,
           -0.0030294357032827966,
           0.18291632600714472,
           0.011009975928383566
          ],
          [
           -0.03747985042156788,
           -0.041616346555135325,
           0.06706292211755116,
           -0.02609184643210605,
           0.3290365358903557,
           1.0000000000000102,
           1,
           0.3011365963953997,
           0.16553067064770838,
           0.3113279954935899,
           0.056120692307967145,
           -0.003029435713237501,
           0.18291632599697283,
           0.011009975929355102
          ],
          [
           -0.035473238862721974,
           0.0002350087611430031,
           0.009125336255932398,
           -0.040662323860315125,
           0.1134865365943531,
           0.3011365963926965,
           0.3011365963953997,
           1,
           0.1954530962676003,
           -0.04770795584742905,
           -0.021951671516869897,
           0.013522385620113035,
           0.1068103841722607,
           7.945656446970459e-7
          ],
          [
           -0.002958679768242542,
           -0.005824378956585441,
           0.008079306483180204,
           -0.0095356093339481,
           0.047523226579149605,
           0.16553067065091184,
           0.16553067064770838,
           0.1954530962676003,
           1,
           -0.05040808959286519,
           -0.020581541841538875,
           -0.0006769308328696119,
           0.16291184127587693,
           0.0007976652606504763
          ],
          [
           -0.03073946230955139,
           -0.04127401012690905,
           0.05021202149816488,
           0.03856347057386362,
           0.11196065689355689,
           0.3113279954736326,
           0.3113279954935899,
           -0.04770795584742905,
           -0.05040808959286519,
           1,
           0.177082379985509,
           0.15896493295571154,
           -0.1735991560796092,
           0.016627935816672972
          ],
          [
           0.03657775215432242,
           0.056872672617885714,
           0.08610895942513398,
           -0.0878403704812437,
           0.5015410872904227,
           0.056120692216385944,
           0.056120692307967145,
           -0.021951671516869897,
           -0.020581541841538875,
           0.177082379985509,
           1,
           -0.019437466966367042,
           -0.049194061947157884,
           -0.0024327066041358206
          ],
          [
           -0.06324011557265304,
           -0.025146674688481994,
           -0.04075423469042284,
           0.05964367005106318,
           -0.009256626912218093,
           -0.0030294357032827966,
           -0.003029435713237501,
           0.013522385620113035,
           -0.0006769308328696119,
           0.15896493295571154,
           -0.019437466966367042,
           1,
           0.06519026859272599,
           0.22704641390386776
          ],
          [
           0.14663054432738307,
           0.06386989851472724,
           0.0986536245447932,
           -0.1618934163863448,
           0.1287767823311914,
           0.18291632600714472,
           0.18291632599697283,
           0.1068103841722607,
           0.16291184127587693,
           -0.1735991560796092,
           -0.049194061947157884,
           0.06519026859272599,
           1,
           -0.012405158082544155
          ],
          [
           -0.01094721899027114,
           -0.002736557814273657,
           0.004695984034344662,
           -0.0026137136689715454,
           0.008051121395028808,
           0.011009975928383566,
           0.011009975929355102,
           7.945656446970459e-7,
           0.0007976652606504763,
           0.016627935816672972,
           -0.0024327066041358206,
           0.22704641390386776,
           -0.012405158082544155,
           1
          ]
         ]
        }
       ],
       "layout": {
        "height": 800,
        "template": {
         "data": {
          "bar": [
           {
            "error_x": {
             "color": "#2a3f5f"
            },
            "error_y": {
             "color": "#2a3f5f"
            },
            "marker": {
             "line": {
              "color": "#E5ECF6",
              "width": 0.5
             },
             "pattern": {
              "fillmode": "overlay",
              "size": 10,
              "solidity": 0.2
             }
            },
            "type": "bar"
           }
          ],
          "barpolar": [
           {
            "marker": {
             "line": {
              "color": "#E5ECF6",
              "width": 0.5
             },
             "pattern": {
              "fillmode": "overlay",
              "size": 10,
              "solidity": 0.2
             }
            },
            "type": "barpolar"
           }
          ],
          "carpet": [
           {
            "aaxis": {
             "endlinecolor": "#2a3f5f",
             "gridcolor": "white",
             "linecolor": "white",
             "minorgridcolor": "white",
             "startlinecolor": "#2a3f5f"
            },
            "baxis": {
             "endlinecolor": "#2a3f5f",
             "gridcolor": "white",
             "linecolor": "white",
             "minorgridcolor": "white",
             "startlinecolor": "#2a3f5f"
            },
            "type": "carpet"
           }
          ],
          "choropleth": [
           {
            "colorbar": {
             "outlinewidth": 0,
             "ticks": ""
            },
            "type": "choropleth"
           }
          ],
          "contour": [
           {
            "colorbar": {
             "outlinewidth": 0,
             "ticks": ""
            },
            "colorscale": [
             [
              0,
              "#0d0887"
             ],
             [
              0.1111111111111111,
              "#46039f"
             ],
             [
              0.2222222222222222,
              "#7201a8"
             ],
             [
              0.3333333333333333,
              "#9c179e"
             ],
             [
              0.4444444444444444,
              "#bd3786"
             ],
             [
              0.5555555555555556,
              "#d8576b"
             ],
             [
              0.6666666666666666,
              "#ed7953"
             ],
             [
              0.7777777777777778,
              "#fb9f3a"
             ],
             [
              0.8888888888888888,
              "#fdca26"
             ],
             [
              1,
              "#f0f921"
             ]
            ],
            "type": "contour"
           }
          ],
          "contourcarpet": [
           {
            "colorbar": {
             "outlinewidth": 0,
             "ticks": ""
            },
            "type": "contourcarpet"
           }
          ],
          "heatmap": [
           {
            "colorbar": {
             "outlinewidth": 0,
             "ticks": ""
            },
            "colorscale": [
             [
              0,
              "#0d0887"
             ],
             [
              0.1111111111111111,
              "#46039f"
             ],
             [
              0.2222222222222222,
              "#7201a8"
             ],
             [
              0.3333333333333333,
              "#9c179e"
             ],
             [
              0.4444444444444444,
              "#bd3786"
             ],
             [
              0.5555555555555556,
              "#d8576b"
             ],
             [
              0.6666666666666666,
              "#ed7953"
             ],
             [
              0.7777777777777778,
              "#fb9f3a"
             ],
             [
              0.8888888888888888,
              "#fdca26"
             ],
             [
              1,
              "#f0f921"
             ]
            ],
            "type": "heatmap"
           }
          ],
          "heatmapgl": [
           {
            "colorbar": {
             "outlinewidth": 0,
             "ticks": ""
            },
            "colorscale": [
             [
              0,
              "#0d0887"
             ],
             [
              0.1111111111111111,
              "#46039f"
             ],
             [
              0.2222222222222222,
              "#7201a8"
             ],
             [
              0.3333333333333333,
              "#9c179e"
             ],
             [
              0.4444444444444444,
              "#bd3786"
             ],
             [
              0.5555555555555556,
              "#d8576b"
             ],
             [
              0.6666666666666666,
              "#ed7953"
             ],
             [
              0.7777777777777778,
              "#fb9f3a"
             ],
             [
              0.8888888888888888,
              "#fdca26"
             ],
             [
              1,
              "#f0f921"
             ]
            ],
            "type": "heatmapgl"
           }
          ],
          "histogram": [
           {
            "marker": {
             "pattern": {
              "fillmode": "overlay",
              "size": 10,
              "solidity": 0.2
             }
            },
            "type": "histogram"
           }
          ],
          "histogram2d": [
           {
            "colorbar": {
             "outlinewidth": 0,
             "ticks": ""
            },
            "colorscale": [
             [
              0,
              "#0d0887"
             ],
             [
              0.1111111111111111,
              "#46039f"
             ],
             [
              0.2222222222222222,
              "#7201a8"
             ],
             [
              0.3333333333333333,
              "#9c179e"
             ],
             [
              0.4444444444444444,
              "#bd3786"
             ],
             [
              0.5555555555555556,
              "#d8576b"
             ],
             [
              0.6666666666666666,
              "#ed7953"
             ],
             [
              0.7777777777777778,
              "#fb9f3a"
             ],
             [
              0.8888888888888888,
              "#fdca26"
             ],
             [
              1,
              "#f0f921"
             ]
            ],
            "type": "histogram2d"
           }
          ],
          "histogram2dcontour": [
           {
            "colorbar": {
             "outlinewidth": 0,
             "ticks": ""
            },
            "colorscale": [
             [
              0,
              "#0d0887"
             ],
             [
              0.1111111111111111,
              "#46039f"
             ],
             [
              0.2222222222222222,
              "#7201a8"
             ],
             [
              0.3333333333333333,
              "#9c179e"
             ],
             [
              0.4444444444444444,
              "#bd3786"
             ],
             [
              0.5555555555555556,
              "#d8576b"
             ],
             [
              0.6666666666666666,
              "#ed7953"
             ],
             [
              0.7777777777777778,
              "#fb9f3a"
             ],
             [
              0.8888888888888888,
              "#fdca26"
             ],
             [
              1,
              "#f0f921"
             ]
            ],
            "type": "histogram2dcontour"
           }
          ],
          "mesh3d": [
           {
            "colorbar": {
             "outlinewidth": 0,
             "ticks": ""
            },
            "type": "mesh3d"
           }
          ],
          "parcoords": [
           {
            "line": {
             "colorbar": {
              "outlinewidth": 0,
              "ticks": ""
             }
            },
            "type": "parcoords"
           }
          ],
          "pie": [
           {
            "automargin": true,
            "type": "pie"
           }
          ],
          "scatter": [
           {
            "marker": {
             "colorbar": {
              "outlinewidth": 0,
              "ticks": ""
             }
            },
            "type": "scatter"
           }
          ],
          "scatter3d": [
           {
            "line": {
             "colorbar": {
              "outlinewidth": 0,
              "ticks": ""
             }
            },
            "marker": {
             "colorbar": {
              "outlinewidth": 0,
              "ticks": ""
             }
            },
            "type": "scatter3d"
           }
          ],
          "scattercarpet": [
           {
            "marker": {
             "colorbar": {
              "outlinewidth": 0,
              "ticks": ""
             }
            },
            "type": "scattercarpet"
           }
          ],
          "scattergeo": [
           {
            "marker": {
             "colorbar": {
              "outlinewidth": 0,
              "ticks": ""
             }
            },
            "type": "scattergeo"
           }
          ],
          "scattergl": [
           {
            "marker": {
             "colorbar": {
              "outlinewidth": 0,
              "ticks": ""
             }
            },
            "type": "scattergl"
           }
          ],
          "scattermapbox": [
           {
            "marker": {
             "colorbar": {
              "outlinewidth": 0,
              "ticks": ""
             }
            },
            "type": "scattermapbox"
           }
          ],
          "scatterpolar": [
           {
            "marker": {
             "colorbar": {
              "outlinewidth": 0,
              "ticks": ""
             }
            },
            "type": "scatterpolar"
           }
          ],
          "scatterpolargl": [
           {
            "marker": {
             "colorbar": {
              "outlinewidth": 0,
              "ticks": ""
             }
            },
            "type": "scatterpolargl"
           }
          ],
          "scatterternary": [
           {
            "marker": {
             "colorbar": {
              "outlinewidth": 0,
              "ticks": ""
             }
            },
            "type": "scatterternary"
           }
          ],
          "surface": [
           {
            "colorbar": {
             "outlinewidth": 0,
             "ticks": ""
            },
            "colorscale": [
             [
              0,
              "#0d0887"
             ],
             [
              0.1111111111111111,
              "#46039f"
             ],
             [
              0.2222222222222222,
              "#7201a8"
             ],
             [
              0.3333333333333333,
              "#9c179e"
             ],
             [
              0.4444444444444444,
              "#bd3786"
             ],
             [
              0.5555555555555556,
              "#d8576b"
             ],
             [
              0.6666666666666666,
              "#ed7953"
             ],
             [
              0.7777777777777778,
              "#fb9f3a"
             ],
             [
              0.8888888888888888,
              "#fdca26"
             ],
             [
              1,
              "#f0f921"
             ]
            ],
            "type": "surface"
           }
          ],
          "table": [
           {
            "cells": {
             "fill": {
              "color": "#EBF0F8"
             },
             "line": {
              "color": "white"
             }
            },
            "header": {
             "fill": {
              "color": "#C8D4E3"
             },
             "line": {
              "color": "white"
             }
            },
            "type": "table"
           }
          ]
         },
         "layout": {
          "annotationdefaults": {
           "arrowcolor": "#2a3f5f",
           "arrowhead": 0,
           "arrowwidth": 1
          },
          "autotypenumbers": "strict",
          "coloraxis": {
           "colorbar": {
            "outlinewidth": 0,
            "ticks": ""
           }
